SECRET_KEY = "[
  215, 105, 183, 220, 198, 126, 179, 175, 141,  46,
  213, 203,  75, 228,  71,  49, 129, 153, 136, 182,
  107, 184, 127, 253, 108,  78, 212, 248, 238, 148,
  169,  49, 154, 161,  89, 242, 143, 196, 196,  19,
  179, 137,  78,  46,  71, 140, 141, 108,  90,   3,
  230, 215, 248, 232,  16,  22, 160, 253, 152,  57,
   64,  51, 163, 234
]"

; A9yjJSmRNHX4ne8Tf3VnY7NRLKvWS7i2xq3qd6hhdY2M
SECRET_KEY2 = "[
  176, 177, 171, 168,  72, 137, 217,  42, 166, 196,  28,
  191,  24,  80,  19, 253,  92,  36, 129,  74, 219, 185,
    3,  86, 142, 147, 114,  11,  54, 121, 244, 253, 136,
    5, 249,  13,  96,  27, 133, 166,   4,  58, 194, 111,
  128, 235,   4, 160, 252, 148, 226, 193, 172, 109,  67,
  133, 143, 172,  25,  65, 215, 227,  22,  10
]"

; HtXzYQ36QGkeiwrEBgWH2BtJTEqmdMWQvMhyuwQKaDpu
SECRET_KEY3 = "[
  212, 217, 135, 175, 202,  80,  92, 141,  64,  41,  62,
  111, 130,  85, 165,   2,   9, 182, 206, 200, 209, 187,
   44, 140,   7, 220, 206,  32, 208, 231, 124,  76, 250,
  238, 167, 171,  25,  40,  89,  37, 104, 169, 114,  93,
  200,  60, 137, 200, 249, 160,  54,  33,  10, 146, 115,
   98, 197,  25, 124, 224, 245,   2, 135, 178
]"

; EZPxnEgZY9aNit3wHjPN5N13atNbDzJ8VFKkawkSs6EW
NONCE_ACCOUNT_KEY  = "[
  249,  93, 254, 107, 189, 240,  16, 160, 108,  75, 164,
  215, 180,   3, 103, 143,  34, 116,  94, 184, 212, 246,
  193, 189, 116,  66,  11, 129,  97, 209, 126, 136, 201,
  116, 122, 148, 252, 155,  67, 124, 217, 216,   4, 130,
   23, 209, 155, 180, 252, 195,  68, 119, 195, 175, 240,
  193, 127, 111, 139, 130,   7,  22,  92,   3
]"